8
0,5737959,7472438,6291359,6731974,5438095,7860588,6029658
5737959,0,5470718,5692415,8974544,7380096,9735694,8083089
7472438,5470718,0,9431998,6875308,8855688,9747602,9008418
6291359,5692415,9431998,0,7671963,5777940,9924486,6866482
6731974,8974544,6875308,7671963,0,5747040,9746499,8660527
5438095,7380096,8855688,5777940,5747040,0,6465962,8070247
7860588,9735694,9747602,9924486,9746499,6465962,0,9012544
6029658,8083089,9008418,6866482,8660527,8070247,9012544,0
2
8